00000000010000000000000000000000
00000000000101111000101101010110
00000000000010001010100101010101
00000000000000110010111110110110
00000000000000010010110000010101
00000000000000000110111001100100
00000000000000000010100010011100
00000000000000000000111011110000
00000000000000000000010101111111
00000000000000000000001000000101
00000000000000000000000010111110
00000000000000000000000001000110
00000000000000000000000000011001
00000000000000000000000000001001
00000000000000000000000000000011
00000000000000000000000000000001